969.5    491   12.9   12.8     99   9.59    175    0.1  288.6  315.6  290.3
  967.7    507   14.0   13.2     95   9.91    185    1.0  289.8  317.9  291.6
  967.1    512   14.3   13.4     94  10.02    186    1.3  290.2  318.6  291.9
  966.4    518   14.5   13.3     93  10.00    187    1.5  290.5  318.8  292.2
  965.7    525   14.8   13.3     91   9.98    187    1.5  290.8  319.2  292.6
  965.0    531   15.2   13.3     88   9.96    188    1.6  291.3  319.7  293.0
  964.4    536   15.5   13.2     86   9.92    189    1.6  291.6  320.0  293.4
  963.7    542   15.7   13.1     85   9.88    189    1.6  291.9  320.1  293.6
  963.0    548   15.9   13.2     84   9.92    190    1.6  292.2  320.6  294.0
  962.2    555   16.3   13.4     83  10.06    190    1.6  292.6  321.5  294.4
  961.5    562   16.4   13.4     82  10.09    191    1.6  292.8  321.7  294.6
  960.8    568   16.4   13.4     83  10.11    191    1.6  292.8  321.8  294.6
  960.1    574   16.6   13.7     83  10.32    191    1.5  293.1  322.7  294.9
  959.5    580   16.7   13.9     83  10.43    192    1.5  293.3  323.3  295.2
  958.9    585   16.9   13.9     83  10.45    192    1.4  293.5  323.5  295.4
  958.2    591   17.1   13.9     81  10.45    192    1.3  293.8  323.9  295.6
  957.5    597   17.3   13.7     79  10.35    193    1.2  294.1  323.9  295.9
  956.9    603   17.6   13.6     77  10.26    193    1.1  294.4  324.0  296.2
  956.3    608   17.7   13.4     76  10.15    193    1.0  294.6  323.9  296.4
  955.8    612   17.8   13.3     75  10.07    192    0.9  294.7  323.8  296.5
  955.4    616   17.8   13.2     74  10.00    192    0.8  294.8  323.7  296.5
  954.9    621   17.9   13.1     73   9.96    191    0.6  294.9  323.7  296.7
  954.3    626   18.0   13.0     73   9.92    189    0.5  295.0  323.8  296.8
  953.7    632   17.9   12.9     73   9.87    187    0.4  295.1  323.7  296.8
  953.0    638   17.9   12.8     72   9.77    183    0.2  295.1  323.5  296.9
  952.3    644   18.0   12.6     71   9.66    172    0.1  295.3  323.3  297.0
  951.7    650   18.0   12.4     70   9.55      0    0.0  295.3  323.1  297.0
  951.0    655   18.0   12.2     69   9.43     35    0.1  295.4  322.8  297.1
  950.4    661   18.1   12.0     68   9.28     25    0.2  295.5  322.4  297.1
  949.9    666   18.1   11.6     66   9.07     21    0.3  295.5  322.0  297.1
  949.3    671   18.1   11.4     65   8.93     19    0.4  295.6  321.7  297.2
  948.7    676   18.2   11.2     64   8.84     17    0.5  295.7  321.5  297.3
  948.1    681   18.2   11.1     63   8.77     15    0.6  295.8  321.4  297.4
  947.6    686   18.2   10.9     63   8.70     13    0.6  295.8  321.2  297.4
  947.1    691   18.2   10.8     62   8.64     11    0.7  295.9  321.1  297.4
  946.6    696   18.2   10.7     62   8.57     10    0.7  295.9  321.0  297.5
  946.0    701   18.2   10.5     61   8.45      8    0.7  296.0  320.7  297.5
  945.4    706   18.2   10.2     59   8.29      6    0.8  296.1  320.4  297.6
  944.8    712   18.3    9.9     58   8.11      3    0.8  296.2  320.0  297.7
  944.2    717   18.5    9.7     57   8.05    360    0.8  296.4  320.1  297.9
  943.6    722   18.6    9.8     57   8.06    357    0.8  296.6  320.3  298.0
  943.1    727   18.6    9.9     57   8.12    354    0.8  296.7  320.5  298.1
  942.6    732   18.6   10.0     57   8.22    351    0.7  296.7  320.9  298.2
  942.0    737   18.6   10.4     59   8.41    348    0.7  296.8  321.4  298.3
  941.5    742   18.6   11.0     61   8.79    344    0.7  296.9  322.6  298.4
  940.9    747   18.7   11.7     64   9.23    341    0.7  296.9  323.9  298.6
  940.4    752   18.6   12.3     67   9.61    337    0.7  296.9  325.1  298.7
  939.8    757   18.6   12.8     69   9.92    333    0.7  296.9  325.9  298.7
  939.2    762   18.5   13.1     71  10.10    330    0.6  296.9  326.4  298.7
  938.7    768   18.5   13.1     71  10.13    326    0.6  296.9  326.5  298.8
  938.1    773   18.5   12.8     69   9.96    323    0.6  297.1  326.2  298.8
  937.5    779   18.7   12.4     67   9.68    320    0.6  297.2  325.6  299.0
  936.8    785   18.8   12.0     65   9.45    317    0.5  297.4  325.1  299.1
  936.2    790   18.8   11.7     63   9.24    316    0.5  297.5  324.6  299.2
  935.6    796   18.9   11.3     61   9.03    315    0.5  297.7  324.2  299.3
  935.0    802   19.0   11.0     60   8.86    315    0.4  297.8  323.9  299.4
  934.4    807   19.0   10.9     59   8.80    317    0.4  297.9  323.8  299.5
  933.8    812   19.1   11.1     60   8.90    322    0.3  298.0  324.2  299.6
  933.2    818   19.1   11.3     61   9.07    329    0.3  298.0  324.7  299.7
  932.6    824   19.0   11.5     62   9.16    341    0.3  298.1  325.0  299.7
  932.0    829   19.0   11.5     62   9.20    357    0.3  298.1  325.1  299.7
  931.4    835   19.0   11.5     62   9.20     15    0.3  298.1  325.2  299.8
  930.8    840   18.9   11.5     62   9.17     31    0.3  298.1  325.1  299.8
  930.3    844   19.0   11.4     62   9.15     42    0.4  298.2  325.1  299.8
  929.9    849   19.0   11.4     62   9.16     49    0.5  298.3  325.3  299.9
  929.4    853   19.0   11.5     62   9.20     53    0.6  298.3  325.4  300.0
  928.9    857   19.0   11.6     62   9.25     56    0.7  298.4  325.6  300.0
  928.4    862   19.1   11.6     62   9.28     57    0.8  298.5  325.8  300.1
  927.8    868   19.1   11.5     61   9.24     58    0.9  298.6  325.9  300.3
  927.2    873   19.2   11.4     61   9.19     58    1.0  298.7  325.9  300.4
  926.6    879   19.2   11.5     61   9.21     58    1.1  298.8  326.0  300.5
  926.0    885   19.3   11.3     60   9.14     58    1.2  298.9  325.9  300.6
  925.4    890   19.3   10.9     58   8.88     58    1.3  299.0  325.3  300.6
  925.0    894   19.4   10.6     57   8.68     58    1.3  299.1  324.8  300.7
  924.7    896   19.4   10.3     56   8.52     57    1.4  299.1  324.4  300.7
  924.1    902   19.4    9.8     54   8.25     57    1.5  299.2  323.7  300.7
  923.5    907   19.4    9.6     53   8.12     56    1.5  299.3  323.4  300.8
  923.0    913   19.4    9.5     53   8.12     55    1.6  299.3  323.4  300.8
  922.4    918   19.4    9.6     53   8.18     54    1.6  299.3  323.6  300.8
  921.9    923   19.3    9.7     54   8.23     53    1.6  299.3  323.8  300.8
  921.3    928   19.3    9.6     54   8.18     52    1.6  299.3  323.6  300.8
  920.7    934   19.2    9.5     53   8.09     51    1.6  299.4  323.4  300.8
  920.1    939   19.2    9.3     53   8.04     50    1.6  299.4  323.3  300.8
  919.6    944   19.2    9.4     53   8.05     49    1.5  299.4  323.4  300.9
  919.1    949   19.2    9.4     53   8.07     47    1.5  299.4  323.4  300.9
  918.6    953   19.1    9.4     53   8.08     46    1.4  299.5  323.5  300.9
  918.1    958   19.1    9.4     53   8.11     44    1.3  299.5  323.6  300.9
  917.6    963   19.1    9.5     54   8.13     43    1.2  299.5  323.6  301.0
  917.1    968   19.1    9.5     54   8.17     41    1.1  299.5  323.8  301.0
  916.6    972   19.0    9.6     54   8.21     38    1.0  299.5  323.9  301.0
  916.2    976   19.0    9.7     55   8.29     35    0.8  299.6  324.2  301.1
  915.7    980   19.0   10.0     56   8.44     31    0.7  299.6  324.7  301.1
  915.3    985   19.0   10.2     57   8.59     26    0.5  299.6  325.1  301.2
  914.8    989   19.0   10.5     58   8.72     16    0.4  299.6  325.5  301.2
  914.4    993   19.0   10.7     59   8.85    359    0.3  299.7  325.9  301.3
  913.9    997   18.9   10.8     59   8.92    326    0.2  299.7  326.1  301.3
  913.4   1002   18.9   10.8     59   8.96    285    0.2  299.7  326.3  301.3
  912.9   1007   18.9   10.9     60   8.99    261    0.3  299.8  326.4  301.4